# This is an energyscan from ideadb.uibk.ac.at
# It shows CH2COOH- coming from ß-Alanine (C3H7NO2)
# Creation date: May 1, 2011
# It was published in "Dissociative Electron Attachment to ß-Alanine" in ChemPhysChem in 2011
# DOI: 10.1002/cphc.201001014
# Further information: http://ideadb.uibk.ac.at/view/54
# Electron Energy	1/s
-0.870000	0.010600
-0.850000	0.000000
-0.830000	0.005300
-0.810000	0.000000
-0.790000	0.005300
-0.770000	0.010600
-0.750000	0.005300
-0.730000	0.000000
-0.710000	0.005300
-0.690000	0.010600
-0.670000	0.005300
-0.650000	0.005300
-0.630000	0.000000
-0.610000	0.010600
-0.590000	0.005300
-0.570000	0.000000
-0.550000	0.000000
-0.530000	0.005300
-0.510000	0.000000
-0.490000	0.005300
-0.470000	0.000000
-0.450000	0.000000
-0.430000	0.010600
-0.410000	0.000000
-0.390000	0.015900
-0.370000	0.005300
-0.350000	0.005300
-0.330000	0.000000
-0.310000	0.000000
-0.290000	0.005300
-0.270000	0.000000
-0.250000	0.000000
-0.230000	0.000000
-0.210000	0.000000
-0.190000	0.000000
-0.170000	0.005300
-0.150000	0.000000
-0.130000	0.005300
-0.110000	0.000000
-0.090000	0.021210
-0.070000	0.031810
-0.050000	0.031810
-0.030000	0.058320
-0.010000	0.116630
0.010000	0.159050
0.030000	0.243870
0.050000	0.222670
0.070000	0.254480
0.090000	0.185560
0.110000	0.270380
0.130000	0.164350
0.150000	0.164350
0.170000	0.132540
0.190000	0.143140
0.210000	0.148440
0.230000	0.127240
0.250000	0.090130
0.270000	0.058320
0.290000	0.031810
0.310000	0.053020
0.330000	0.026510
0.350000	0.031810
0.370000	0.026510
0.390000	0.010600
0.410000	0.010600
0.430000	0.021210
0.450000	0.026510
0.470000	0.031810
0.490000	0.026510
0.510000	0.015900
0.530000	0.021210
0.550000	0.015900
0.570000	0.010600
0.590000	0.015900
0.610000	0.037110
0.630000	0.000000
0.650000	0.010600
0.670000	0.021210
0.690000	0.021210
0.710000	0.010600
0.730000	0.010600
0.750000	0.021210
0.770000	0.010600
0.790000	0.010600
0.810000	0.015900
0.830000	0.021210
0.850000	0.037110
0.870000	0.021210
0.890000	0.010600
0.910000	0.026510
0.930000	0.021210
0.950000	0.010600
0.970000	0.026510
0.990000	0.015900
1.010000	0.031810
1.030000	0.026510
1.050000	0.005300
1.070000	0.042410
1.090000	0.010600
1.110000	0.010600
1.130000	0.010600
1.150000	0.047710
1.170000	0.005300
1.190000	0.015900
1.210000	0.031810
1.230000	0.026510
1.250000	0.042410
1.270000	0.026510
1.290000	0.005300
1.310000	0.026510
1.330000	0.015900
1.350000	0.021210
1.370000	0.010600
1.390000	0.021210
1.410000	0.042410
1.430000	0.021210
1.450000	0.010600
1.470000	0.042410
1.490000	0.021210
1.510000	0.010600
1.530000	0.021210
1.550000	0.010600
1.570000	0.026510
1.590000	0.053020
1.610000	0.015900
1.630000	0.015900
1.650000	0.010600
1.670000	0.021210
1.690000	0.021210
1.710000	0.005300
1.730000	0.026510
1.750000	0.010600
1.770000	0.026510
1.790000	0.042410
1.810000	0.010600
1.830000	0.010600
1.850000	0.021210
1.870000	0.058320
1.890000	0.026510
1.910000	0.031810
1.930000	0.031810
1.950000	0.015900
1.970000	0.037110
1.990000	0.037110
2.010000	0.031810
2.030000	0.026510
2.050000	0.031810
2.070000	0.031810
2.090000	0.021210
2.110000	0.026510
2.130000	0.031810
2.150000	0.021210
2.170000	0.021210
2.190000	0.037110
2.210000	0.031810
2.230000	0.015900
2.250000	0.010600
2.270000	0.021210
2.290000	0.031810
2.310000	0.021210
2.330000	0.015900
2.350000	0.031810
2.370000	0.037110
2.390000	0.047710
2.410000	0.053020
2.430000	0.053020
2.450000	0.021210
2.470000	0.042410
2.490000	0.031810
2.510000	0.005300
2.530000	0.058320
2.550000	0.031810
2.570000	0.047710
2.590000	0.026510
2.610000	0.042410
2.630000	0.005300
2.650000	0.042410
2.670000	0.037110
2.690000	0.068920
2.710000	0.047710
2.730000	0.010600
2.750000	0.026510
2.770000	0.037110
2.790000	0.021210
2.810000	0.037110
2.830000	0.031810
2.850000	0.010600
2.870000	0.031810
2.890000	0.021210
2.910000	0.058320
2.930000	0.037110
2.950000	0.037110
2.970000	0.010600
2.990000	0.021210
3.010000	0.037110
3.030000	0.068920
3.050000	0.021210
3.070000	0.042410
3.090000	0.031810
3.110000	0.010600
3.130000	0.026510
3.150000	0.000000
3.170000	0.026510
3.190000	0.042410
3.210000	0.031810
3.230000	0.042410
3.250000	0.037110
3.270000	0.058320
3.290000	0.026510
3.310000	0.042410
3.330000	0.047710
3.350000	0.037110
3.370000	0.037110
3.390000	0.037110
3.410000	0.037110
3.430000	0.021210
3.450000	0.063620
3.470000	0.053020
3.490000	0.063620
3.510000	0.063620
3.530000	0.015900
3.550000	0.031810
3.570000	0.031810
3.590000	0.063620
3.610000	0.047710
3.630000	0.037110
3.650000	0.058320
3.670000	0.042410
3.690000	0.053020
3.710000	0.026510
3.730000	0.053020
3.750000	0.068920
3.770000	0.053020
3.790000	0.084830
3.810000	0.031810
3.830000	0.042410
3.850000	0.037110
3.870000	0.058320
3.890000	0.047710
3.910000	0.026510
3.930000	0.021210
3.950000	0.037110
3.970000	0.037110
3.990000	0.068920
4.010000	0.058320
4.030000	0.058320
4.050000	0.047710
4.070000	0.063620
4.090000	0.063620
4.110000	0.047710
4.130000	0.053020
4.150000	0.063620
4.170000	0.047710
4.190000	0.010600
4.210000	0.031810
4.230000	0.026510
4.250000	0.068920
4.270000	0.058320
4.290000	0.047710
4.310000	0.058320
4.330000	0.090130
4.350000	0.084830
4.370000	0.090130
4.390000	0.084830
4.410000	0.137840
4.430000	0.164350
4.450000	0.121940
4.470000	0.121940
4.490000	0.127240
4.510000	0.132540
4.530000	0.227970
4.550000	0.275680
4.570000	0.254480
4.590000	0.323400
4.610000	0.349900
4.630000	0.519560
4.650000	0.524860
4.670000	0.726320
4.690000	0.996700
4.710000	1.129240
4.730000	1.097430
4.750000	1.378410
4.770000	1.601080
4.790000	1.855560
4.810000	2.062320
4.830000	2.385710
4.850000	2.740920
4.870000	2.984790
4.890000	3.483140
4.910000	3.949680
4.930000	4.691900
4.950000	4.935780
4.970000	5.476540
4.990000	6.070320
5.010000	6.780730
5.030000	7.135940
5.050000	8.116730
5.070000	8.593870
5.090000	9.060410
5.110000	10.157840
5.130000	10.290380
5.150000	10.475940
5.170000	11.371900
5.190000	12.479940
5.210000	12.591270
5.230000	12.935870
5.250000	13.036600
5.270000	14.202950
5.290000	14.054510
5.310000	14.600570
5.330000	15.014100
5.350000	15.745710
5.370000	16.111520
5.390000	16.366000
5.410000	15.883560
5.430000	16.307680
5.450000	16.450820
5.470000	16.546250
5.490000	16.609870
5.510000	16.779520
5.530000	16.556860
5.550000	16.567460
5.570000	16.180440
5.590000	15.989590
5.610000	16.000190
5.630000	15.872950
5.650000	15.104220
5.670000	14.271870
5.690000	14.600570
5.710000	14.202950
5.730000	13.709900
5.750000	12.755620
5.770000	12.866950
5.790000	12.564760
5.810000	12.098220
5.830000	12.082320
5.850000	11.382510
5.870000	11.430220
5.890000	10.608480
5.910000	10.110130
5.930000	9.341400
5.950000	9.362600
5.970000	8.800630
5.990000	8.641590
6.010000	7.920570
6.030000	8.339400
6.050000	7.803940
6.070000	7.003400
6.090000	6.950380
6.110000	6.674700
6.130000	6.213460
6.150000	6.287680
6.170000	5.545460
6.190000	5.290980
6.210000	4.919870
6.230000	5.126630
6.250000	4.697210
6.270000	4.336700
6.290000	3.965590
6.310000	4.151140
6.330000	3.896670
6.350000	3.451330
6.370000	3.642190
6.390000	3.265780
6.410000	3.106730
6.430000	3.059020
6.450000	3.127940
6.470000	2.698510
6.490000	2.645490
6.510000	2.565970
6.530000	2.534160
6.550000	2.242570
6.570000	2.078220
6.590000	1.871460
6.610000	2.194860
6.630000	1.839650
6.650000	2.062320
6.670000	1.776030
6.690000	1.749520
6.710000	1.685900
6.730000	1.659400
6.750000	1.447330
6.770000	1.479140
6.790000	1.447330
6.810000	1.595780
6.830000	1.420830
6.850000	1.399620
6.870000	1.389020
6.890000	1.261780
6.910000	1.288290
6.930000	1.171650
6.950000	1.166350
6.970000	1.108030
6.990000	1.060320
7.010000	1.023210
7.030000	1.081520
7.050000	1.070920
7.070000	0.869460
7.090000	0.927780
7.110000	0.853560
7.130000	1.012600
7.150000	0.779330
7.170000	0.954290
7.190000	0.805840
7.210000	0.715710
7.230000	0.731620
7.250000	0.763430
7.270000	0.758130
7.290000	0.789940
7.310000	0.726320
7.330000	0.699810
7.350000	0.683900
7.370000	0.689210
7.390000	0.604380
7.410000	0.599080
7.430000	0.567270
7.450000	0.493050
7.470000	0.567270
7.490000	0.572570
7.510000	0.508950
7.530000	0.551370
7.550000	0.556670
7.570000	0.546060
7.590000	0.535460
7.610000	0.498350
7.630000	0.503650
7.650000	0.477140
7.670000	0.450630
7.690000	0.471840
7.710000	0.477140
7.730000	0.514250
7.750000	0.418830
7.770000	0.445330
7.790000	0.339300
7.810000	0.450630
7.830000	0.371110
7.850000	0.466540
7.870000	0.440030
7.890000	0.402920
7.910000	0.392320
7.930000	0.371110
7.950000	0.408220
7.970000	0.424130
7.990000	0.365810
8.010000	0.418830
8.030000	0.344600
8.050000	0.450630
8.070000	0.339300
8.090000	0.387020
8.110000	0.434730
8.130000	0.355210
8.150000	0.387020
8.170000	0.392320
8.190000	0.323400
8.210000	0.455940
8.230000	0.455940
8.250000	0.408220
8.270000	0.450630
8.290000	0.498350
8.310000	0.291590
8.330000	0.418830
8.350000	0.471840
8.370000	0.307490
8.390000	0.328700
8.410000	0.355210
8.430000	0.392320
8.450000	0.344600
8.470000	0.381710
8.490000	0.360510
8.510000	0.365810
8.530000	0.392320
8.550000	0.355210
8.570000	0.291590
8.590000	0.355210
8.610000	0.312790
8.630000	0.429430
8.650000	0.397620
8.670000	0.371110
8.690000	0.371110
8.710000	0.307490
8.730000	0.355210
8.750000	0.349900
8.770000	0.397620
8.790000	0.323400
8.810000	0.440030
8.830000	0.450630
8.850000	0.365810
8.870000	0.397620
8.890000	0.392320
8.910000	0.387020
8.930000	0.402920
8.950000	0.418830
8.970000	0.349900
8.990000	0.387020
9.010000	0.429430
9.030000	0.318100
9.050000	0.418830
9.070000	0.265080
9.090000	0.270380
9.110000	0.312790
9.130000	0.312790
9.150000	0.365810
9.170000	0.254480
9.190000	0.307490
9.210000	0.312790
9.230000	0.291590
9.250000	0.286290
9.270000	0.275680
9.290000	0.296890
9.310000	0.312790
9.330000	0.302190
9.350000	0.286290
9.370000	0.259780
9.390000	0.265080
9.410000	0.270380
9.430000	0.249170
9.450000	0.259780
9.470000	0.180250
9.490000	0.233270
9.510000	0.286290
9.530000	0.280980
9.550000	0.243870
9.570000	0.222670
9.590000	0.249170
9.610000	0.190860
9.630000	0.212060
9.650000	0.222670
9.670000	0.270380
9.690000	0.222670
9.710000	0.153750
9.730000	0.153750
9.750000	0.206760
9.770000	0.249170
9.790000	0.212060
9.810000	0.185560
9.830000	0.159050
9.850000	0.217370
9.870000	0.137840
9.890000	0.180250
9.910000	0.254480
9.930000	0.159050
9.950000	0.116630
9.970000	0.185560
9.990000	0.116630
10.010000	0.100730
10.030000	0.201460
10.050000	0.148440
10.070000	0.116630
10.090000	0.164350
10.110000	0.127240
10.130000	0.159050
10.150000	0.180250
10.170000	0.127240
10.190000	0.185560
10.210000	0.174950
10.230000	0.111330
10.250000	0.100730
10.270000	0.090130
10.290000	0.153750
10.310000	0.143140
10.330000	0.116630
10.350000	0.153750
10.370000	0.159050
10.390000	0.095430
10.410000	0.084830
10.430000	0.127240
10.450000	0.127240
10.470000	0.100730
10.490000	0.164350
10.510000	0.164350
10.530000	0.116630
10.550000	0.058320
10.570000	0.106030
10.590000	0.127240
10.610000	0.116630
10.630000	0.116630
10.650000	0.106030
10.670000	0.111330
10.690000	0.111330
10.710000	0.111330
10.730000	0.106030
10.750000	0.127240
10.770000	0.095430
10.790000	0.143140
10.810000	0.090130
10.830000	0.127240
10.850000	0.084830
10.870000	0.143140
10.890000	0.068920
10.910000	0.106030
10.930000	0.121940
10.950000	0.127240
10.970000	0.100730
10.990000	0.132540
11.010000	0.100730
11.030000	0.068920
11.050000	0.079520
11.070000	0.111330
11.090000	0.095430
11.110000	0.153750
11.130000	0.121940
11.150000	0.079520
11.170000	0.116630
11.190000	0.116630
11.210000	0.143140
11.230000	0.090130
11.250000	0.132540
11.270000	0.111330
11.290000	0.074220
11.310000	0.116630
11.330000	0.074220
11.350000	0.079520
11.370000	0.100730
11.390000	0.127240
11.410000	0.116630
11.430000	0.084830
11.450000	0.132540
11.470000	0.095430
11.490000	0.116630
11.510000	0.127240
11.530000	0.111330
11.550000	0.111330
11.570000	0.132540
11.590000	0.106030
11.610000	0.185560
11.630000	0.106030
