# This is an energyscan from ideadb.uibk.ac.at
# It shows C4H2N2O2- coming from Uracil (C4H4N2O2)
# Creation date: Dec. 30, 2004
# It was published in "Electron attachment to gas-phase uracil" in Journal of Chemical Physics in 2004
# DOI: 10.1063/1.1649724
# Further information: http://ideadb.uibk.ac.at/view/42
# Electron Energy	1/s
-0.504500	0.000011
-0.475080	0.000005
-0.445660	0.000041
-0.416240	0.000050
-0.386820	0.000306
-0.357400	0.000050
-0.327980	0.000041
-0.298560	-0.000017
-0.269140	0.000016
-0.239720	0.000009
-0.210300	0.000066
-0.180880	-0.000040
-0.151460	0.000253
-0.122040	-0.000038
-0.092620	0.000537
-0.063200	0.001440
-0.033780	0.005330
-0.004360	0.010650
0.025060	0.013330
0.054480	0.020900
0.083900	0.026410
0.113320	0.023060
0.142740	0.029330
0.172160	0.036440
0.201580	0.029290
0.231000	0.026870
0.260420	0.034370
0.289840	0.024990
0.319260	0.029050
0.348680	0.021930
0.378100	0.018430
0.407520	0.016890
0.436940	0.017060
0.466360	0.011060
0.495780	0.008610
0.525200	0.010530
0.554620	0.009690
0.584040	0.005700
0.613460	0.005460
0.642880	0.005930
0.672300	0.005620
0.701720	0.004590
0.731140	0.006170
0.760560	0.005900
0.789980	0.003550
0.819400	0.004450
0.848820	0.003240
0.878240	0.004350
0.907660	0.002660
0.937080	0.004150
0.966500	0.002670
0.995920	0.003700
1.025340	0.004760
1.054760	0.003970
1.084180	0.003710
1.113600	0.005670
1.143020	0.003350
1.172440	0.003220
1.201860	0.003140
1.231280	0.002140
1.260700	0.003100
1.290120	0.003630
1.319540	0.002730
1.348960	0.003450
1.378380	0.004770
1.407800	0.003590
1.437220	0.003830
1.466640	0.003810
1.496060	0.005530
1.525480	0.003640
1.554900	0.003710
1.584320	0.004800
1.613740	0.005690
1.643160	0.005140
1.672580	0.004140
1.702000	0.003070
1.731420	0.002030
1.760840	0.002020
1.790260	0.002190
1.819680	0.001800
1.849100	0.002070
1.878520	0.002880
1.907940	0.001850
1.937360	0.001970
1.966780	0.001300
1.996200	0.002140
2.025620	0.001590
2.055040	0.001220
2.084460	0.001990
2.113880	0.003300
2.143300	0.001220
2.172720	0.001940
2.202140	0.001720
2.231560	0.001560
2.260980	0.001360
2.290400	0.001280
2.319820	0.001940
2.349240	0.000888
2.378660	0.000770
2.408080	0.001520
2.437500	0.000638
2.466920	0.000573
2.496340	0.000668
2.525760	0.001210
2.555180	0.000454
2.584600	0.001760
2.614020	0.001690
2.643440	0.001990
2.672860	0.001960
2.702280	0.002460
2.731700	0.001260
2.761120	0.000933
2.790540	0.001030
2.819960	0.000947
2.849380	0.000750
2.878800	0.000980
2.908220	0.000855
2.937640	0.001080
2.967060	0.000843
2.996480	0.002370
3.025900	0.000752
3.055320	0.000442
3.084740	0.000898
3.114160	0.000637
3.143580	0.000295
3.173000	0.001170
3.202420	0.001270
3.231840	0.001050
3.261260	0.000801
3.290680	0.000712
3.320100	0.001390
3.349520	0.000621
3.378940	0.000405
3.408360	0.000629
3.437780	0.001090
3.467200	0.000491
3.496620	0.000460
3.526040	0.000175
3.555460	0.000419
3.584880	0.000228
3.614300	0.000305
3.643720	0.001160
3.673140	0.001180
3.702560	0.000954
3.731980	0.000387
3.761400	0.000863
3.790820	0.000286
3.820240	0.000725
3.849660	0.000293
3.879080	0.001100
3.908500	0.000559
3.937920	0.000355
3.967340	0.001140
3.996760	0.000801
4.026180	0.001110
4.055600	0.001540
4.085020	0.001790
4.114440	0.001670
4.143860	0.001120
4.173280	0.001090
4.202700	0.000451
4.232120	0.000971
4.261540	0.001350
4.290960	0.001900
4.320380	0.001490
4.349800	0.002580
4.379220	0.002360
4.408640	0.002360
4.438060	0.001170
4.467480	0.001920
4.496900	0.002050
4.526320	0.001270
4.555740	0.001070
4.585160	0.002250
4.614580	0.001630
4.644000	0.001840
4.673420	0.002210
4.702840	0.002000
4.732260	0.003840
4.761680	0.001870
4.791100	0.001280
4.820520	0.001930
4.849940	0.001310
4.879360	0.001980
4.908780	0.001630
4.938200	0.002110
4.967620	0.002150
4.997040	0.002430
5.026460	0.001870
5.055880	0.003100
5.085300	0.001430
5.114720	0.001230
5.144140	0.001300
5.173560	0.000677
5.202980	0.000522
5.232400	0.000601
5.261820	0.000913
5.291240	0.000993
5.320660	0.001080
5.350080	0.001100
5.379500	0.001610
5.408920	0.001080
5.438340	0.000805
5.467760	0.000963
5.497180	0.000901
5.526600	0.000886
5.556020	0.000741
5.585440	0.000807
5.614860	0.001260
5.644280	0.001080
5.673700	0.000777
5.703120	0.000891
5.732540	0.000754
5.761960	0.001070
5.791380	0.003010
5.820800	0.003670
5.850220	0.001190
5.879640	0.002150
5.909060	0.002350
5.938480	0.002220
5.967900	0.002990
5.997320	0.004310
6.026740	0.006130
6.056160	0.007240
6.085580	0.007170
6.115000	0.006980
6.144420	0.009070
6.173840	0.007490
6.203260	0.010180
6.232680	0.011020
6.262100	0.012550
6.291520	0.016210
6.320940	0.017980
6.350360	0.019000
6.379780	0.022150
6.409200	0.023520
6.438620	0.023120
6.468040	0.033720
6.497460	0.031350
6.526880	0.033870
6.556300	0.038730
6.585720	0.044960
6.615140	0.046750
6.644560	0.052020
6.673980	0.060530
6.703400	0.061120
6.732820	0.064740
6.762240	0.071780
6.791660	0.075690
6.821080	0.091080
6.850500	0.094780
6.879920	0.097370
6.909340	0.110970
6.938760	0.109820
6.968180	0.120740
6.997600	0.128790
7.027020	0.133270
7.056440	0.128760
7.085860	0.136620
7.115280	0.137970
7.144700	0.140580
7.174120	0.141140
7.203540	0.149960
7.232960	0.142960
7.262380	0.150170
7.291800	0.143120
7.321220	0.141470
7.350640	0.142760
7.380060	0.136800
7.409480	0.135490
7.438900	0.139600
7.468320	0.130360
7.497740	0.121820
7.527160	0.124650
7.556580	0.114150
7.586000	0.118760
7.615420	0.115910
7.644840	0.110160
7.674260	0.098060
7.703680	0.108800
7.733100	0.091320
7.762520	0.086650
7.791940	0.085880
7.821360	0.084930
7.850780	0.079920
7.880200	0.080340
7.909620	0.074010
7.939040	0.074440
7.968460	0.073860
7.997880	0.068180
8.027300	0.066630
8.056720	0.058490
8.086140	0.059340
8.115560	0.057020
8.144980	0.054100
8.174400	0.046450
8.203820	0.048720
8.233240	0.042140
8.262660	0.043440
8.292080	0.039870
8.321500	0.040780
8.350920	0.035660
8.380340	0.041070
8.409760	0.030370
8.439180	0.029520
8.468600	0.028220
8.498020	0.025910
8.527440	0.021410
8.556860	0.023510
8.586280	0.018190
8.615700	0.021260
8.645120	0.021380
8.674540	0.023920
8.703960	0.018440
8.733380	0.023570
8.762800	0.020940
8.792220	0.020760
8.821640	0.023480
8.851060	0.022400
8.880480	0.017340
8.909900	0.020750
8.939320	0.016460
8.968740	0.013710
8.998160	0.014600
9.027580	0.014160
9.057000	0.011310
9.086420	0.010690
9.115840	0.010130
9.145260	0.010360
9.174680	0.010270
9.204100	0.012720
9.233520	0.010300
9.262940	0.010140
9.292360	0.009860
9.321780	0.010230
9.351200	0.009400
9.380620	0.011680
9.410040	0.009790
9.439460	0.008620
9.468880	0.008120
9.498300	0.008460
9.527720	0.006310
9.557140	0.006190
9.586560	0.007460
9.615980	0.008460
9.645400	0.007410
9.674820	0.008990
9.704240	0.011710
9.733660	0.012990
9.763080	0.013220
9.792500	0.011030
9.821920	0.010180
9.851340	0.009180
9.880760	0.007820
9.910180	0.009160
9.939600	0.008730
9.969020	0.010480
9.998440	0.014440
10.027860	0.011840
10.057280	0.013510
10.086700	0.010890
10.116120	0.013320
10.145540	0.012570
10.174960	0.012270
10.204380	0.015080
10.233800	0.009900
10.263220	0.015780
10.292640	0.011650
10.322060	0.016600
10.351480	0.015850
10.380900	0.013980
10.410320	0.013460
10.439740	0.014690
10.469160	0.014010
10.498580	0.013950
10.528000	0.017890
10.557420	0.015300
10.586840	0.016550
10.616260	0.014350
10.645680	0.016020
10.675100	0.012500
10.704520	0.012210
10.733940	0.015470
10.763360	0.014600
10.792780	0.013170
10.822200	0.014310
10.851620	0.012560
10.881040	0.015900
10.910460	0.015110
10.939880	0.012430
10.969300	0.015850
10.998720	0.014010
11.028140	0.014970
11.057560	0.014190
11.086980	0.010280
11.116400	0.011040
11.145820	0.009790
11.175240	0.011420
11.204660	0.012350
11.234080	0.012510
11.263500	0.014320
11.292920	0.013190
11.322340	0.013790
11.351760	0.010010
11.381180	0.009650
11.410600	0.008600
11.440020	0.008490
11.469440	0.006770
11.498860	0.010060
11.528280	0.007930
11.557700	0.007700
11.587120	0.011190
11.616540	0.010470
11.645960	0.008460
11.675380	0.006360
11.704800	0.008050
11.734220	0.007410
11.763640	0.006830
11.793060	0.008600
11.822480	0.009390
11.851900	0.007060
11.881320	0.007000
11.910740	0.005940
11.940160	0.005560
11.969580	0.006020
11.999000	0.005680
12.028420	0.006780
12.057840	0.007340
12.087260	0.004800
12.116680	0.004470
12.146100	0.003880
12.175520	0.004900
12.204940	0.003590
12.234360	0.005020
12.263780	0.005380
12.293200	0.006890
12.322620	0.004130
12.352040	0.003340
12.381460	0.004860
12.410880	0.003390
12.440300	0.003170
12.469720	0.003900
12.499140	0.003270
12.528560	0.002140
12.557980	0.001930
12.587400	0.001790
12.616820	0.003090
12.646240	0.002690
12.675660	0.003800
12.705080	0.003470
12.734500	0.002260
12.763920	0.001900
12.793340	0.002170
12.822760	0.001940
12.852180	0.002600
12.881600	0.000917
12.911020	0.002670
12.940440	0.000999
12.969860	0.001730
12.999280	0.002470
13.028700	0.002390
13.058120	0.002530
13.087540	0.001330
13.116960	0.001960
13.146380	0.001900
13.175800	0.001610
13.205220	0.001630
13.234640	0.002240
13.264060	0.001940
13.293480	0.001380
13.322900	0.001770
13.352320	0.001520
13.381740	0.001520
13.411160	0.001010
13.440580	0.001260
13.470000	0.002020
