# This is an energyscan from ideadb.uibk.ac.at
# It shows C2H4N- coming from ß-Alanine (C3H7NO2)
# Creation date: May 1, 2011
# It was published in "Dissociative Electron Attachment to ß-Alanine" in ChemPhysChem in 2011
# DOI: 10.1002/cphc.201001014
# Further information: http://ideadb.uibk.ac.at/view/61
# Electron Energy	1/s
-1.082630	0.011400
-1.044360	0.000100
-1.006060	0.000000
-0.967720	0.000000
-0.929350	0.000000
-0.890940	0.000000
-0.852490	0.000000
-0.814020	0.000100
-0.775500	0.000000
-0.736950	0.000000
-0.698370	0.000000
-0.659750	0.000000
-0.621090	0.000000
-0.582410	0.000000
-0.543680	0.000000
-0.504920	0.000100
-0.466120	0.000000
-0.427290	0.000000
-0.388430	0.000000
-0.349530	0.000000
-0.310590	0.000000
-0.271620	0.000000
-0.232610	0.000100
-0.193570	0.000000
-0.154490	0.000000
-0.115380	0.000000
-0.076230	0.000100
-0.037050	0.000200
0.002170	0.000000
0.041420	0.000000
0.080710	0.000200
0.120040	0.000100
0.159400	0.000100
0.198790	0.000200
0.238220	0.000000
0.277680	0.000100
0.317180	0.000000
0.356720	0.000000
0.396290	0.000000
0.435900	0.000000
0.475540	0.000100
0.515210	0.000000
0.554930	0.000000
0.594670	0.000000
0.634450	0.000000
0.674270	0.000000
0.714120	0.000000
0.754010	0.000000
0.793930	0.000000
0.833890	0.000000
0.873890	0.000000
0.913910	0.000000
0.953980	0.000000
0.994080	0.000000
1.034210	0.000100
1.074380	0.000000
1.114590	0.000000
1.154830	0.000000
1.195100	0.000000
1.235410	0.000100
1.275760	0.000000
1.316140	0.000100
1.356550	0.000000
1.397000	0.000100
1.437490	0.000000
1.478010	0.000000
1.518570	0.000000
1.559160	0.000000
1.599790	0.000100
1.640450	0.000000
1.681150	0.000000
1.721880	0.000100
1.762650	0.000000
1.803460	0.000100
1.844290	0.000100
1.885170	0.000100
1.926080	0.000000
1.967020	0.000000
2.008000	0.000000
2.049020	0.000000
2.090070	0.000000
2.131150	0.000000
2.172270	0.000000
2.213430	0.000000
2.254620	0.000000
2.295850	0.000000
2.337110	0.000000
2.378400	0.000000
2.419740	0.000000
2.461100	0.000100
2.502510	0.000000
2.543940	0.000000
2.585420	0.000000
2.626930	0.000100
2.668470	0.000000
2.710050	0.000100
2.751660	0.000000
2.793310	0.000100
2.834990	0.000500
2.876710	0.000100
2.918470	0.000100
2.960260	0.000100
3.002080	0.000000
3.043940	0.000500
3.085840	0.000100
3.127770	0.000000
3.169740	0.000000
3.211740	0.000100
3.253780	0.000100
3.295850	0.000200
3.337950	0.000300
3.380100	0.000100
3.422270	0.000100
3.464490	0.000400
3.506730	0.000300
3.549020	0.000000
3.591340	0.000400
3.633690	0.000000
3.676080	0.000200
3.718500	0.000200
3.760960	0.000200
3.803460	0.000300
3.845990	0.000300
3.888550	0.000300
3.931150	0.000000
3.973790	0.000300
4.016460	0.000900
4.059160	0.000100
4.101910	0.000600
4.144680	0.000300
4.187490	0.000900
4.230340	0.001300
4.273220	0.000600
4.316140	0.001300
4.359090	0.000600
4.402080	0.001200
4.445100	0.001400
4.488160	0.001600
4.531250	0.002200
4.574380	0.001800
4.617550	0.002800
4.660750	0.004200
4.703980	0.004300
4.747250	0.005800
4.790560	0.005800
4.833900	0.009800
4.877270	0.009000
4.920680	0.012000
4.964130	0.011400
5.007610	0.014200
5.051120	0.018200
5.094680	0.019800
5.138260	0.021400
5.181880	0.024800
5.225540	0.026000
5.269230	0.032900
5.312960	0.032200
5.356720	0.037200
5.400520	0.036200
5.444360	0.039100
5.488220	0.040500
5.532130	0.045300
5.576070	0.046900
5.620040	0.050900
5.664050	0.053000
5.708090	0.053300
5.752170	0.059300
5.796290	0.063300
5.840440	0.051300
5.884630	0.058100
5.928850	0.066000
5.973100	0.062200
6.017390	0.056500
6.061720	0.060800
6.106080	0.060700
6.150480	0.057700
6.194910	0.062000
6.239380	0.064600
6.283880	0.059100
6.328420	0.056400
6.372990	0.059000
6.417600	0.054000
6.462240	0.050900
6.506920	0.055700
6.551640	0.053800
6.596390	0.055800
6.641170	0.050800
6.685990	0.053900
6.730840	0.055300
6.775730	0.051200
6.820660	0.051300
6.865620	0.052700
6.910620	0.047600
6.955650	0.047000
7.000710	0.045200
7.045810	0.049200
7.090950	0.051400
7.136120	0.045500
7.181330	0.046500
7.226570	0.052700
7.271850	0.046900
7.317160	0.051100
7.362510	0.048700
7.407900	0.047800
7.453310	0.051900
7.498770	0.055100
7.544260	0.049800
7.589780	0.057600
7.635340	0.055000
7.680930	0.055400
7.726560	0.070600
7.772230	0.065500
7.817930	0.066300
7.863670	0.059200
7.909440	0.074900
7.955240	0.072800
8.001080	0.074400
8.046960	0.076900
8.092870	0.081400
8.138820	0.087300
8.184800	0.088400
8.230820	0.089400
8.276870	0.100400
8.322960	0.104800
8.369080	0.100400
8.415240	0.103600
8.461430	0.100800
8.507660	0.107700
8.553930	0.106900
8.600230	0.113200
8.646560	0.109700
8.692930	0.122500
8.739340	0.118400
8.785780	0.127000
8.832250	0.123400
8.878760	0.120800
8.925310	0.129800
8.971890	0.124600
9.018510	0.133600
9.065160	0.139500
9.111840	0.132100
9.158570	0.134800
9.205320	0.132400
9.252120	0.136400
9.298940	0.129900
9.345810	0.135600
9.392700	0.141200
9.439640	0.132400
9.486610	0.139500
9.533610	0.133700
9.580650	0.136000
9.627720	0.136800
9.674830	0.142300
9.721980	0.131400
9.769160	0.132700
9.816370	0.130700
9.863620	0.130300
9.910910	0.130300
9.958230	0.125500
10.005590	0.129000
10.052980	0.128000
10.100400	0.120900
10.147870	0.115300
10.195360	0.107900
10.242900	0.109300
10.290460	0.108700
10.338070	0.110700
10.385700	0.100900
10.433380	0.106400
10.481090	0.103100
10.528830	0.100800
10.576610	0.096500
10.624420	0.090900
10.672270	0.091400
10.720160	0.088300
10.768080	0.088600
10.816030	0.087200
10.864020	0.079800
10.912050	0.071800
10.960110	0.076500
11.008200	0.077400
11.056330	0.071000
11.104500	0.070100
11.152700	0.066100
11.200940	0.065700
11.249210	0.059400
11.297520	0.061600
11.345860	0.058900
11.394240	0.050500
11.442650	0.054300
11.491100	0.050800
11.539580	0.050700
11.588100	0.046200
11.636660	0.046900
11.685250	0.042000
11.733870	0.042000
11.782530	0.036600
11.831220	0.035600
11.879950	0.035800
11.928720	0.033500
11.977520	0.033600
12.026360	0.029500
12.075230	0.030900
12.124130	0.025000
12.173070	0.028200
12.222050	0.029200
12.271060	0.026300
12.320110	0.023200
12.369190	0.025100
12.418310	0.023900
12.467460	0.024900
12.516650	0.022300
12.565870	0.019000
12.615130	0.020900
12.664430	0.021100
12.713760	0.021800
12.763120	0.019100
12.812520	0.020100
12.861950	0.020400
12.911420	0.017400
12.960930	0.014800
13.010470	0.016600
13.060040	0.018100
13.109660	0.016600
13.159300	0.017300
13.208980	0.012600
13.258700	0.013000
13.308450	0.013100
13.358240	0.011800
13.408060	0.013000
13.457920	0.010400
13.507810	0.012300
13.557740	0.014800
13.607700	0.012600
13.657700	0.012400
13.707730	0.012100
13.757800	0.012400
13.807910	0.010000
13.858040	0.010600
13.908220	0.010900
13.958430	0.010100
14.008670	0.009000
14.058950	0.010100
14.109270	0.009500
14.159620	0.008200
14.210010	0.009800
14.260430	0.010100
14.310880	0.007700
14.361370	0.009500
14.411900	0.009400
14.462460	0.008900
14.513060	0.005900
14.563690	0.007300
14.614360	0.009700
14.665060	0.007600
14.715800	0.008500
14.766570	0.007300
14.817380	0.007300
14.868230	0.007400
14.919110	0.006200
14.970020	0.005300
15.020970	0.005800
15.071950	0.006000
15.122970	0.006400
15.174030	0.005500
15.225120	0.007800
15.276240	0.006400
15.327410	0.004400
15.378600	0.005600
15.429830	0.006800
15.481100	0.004300
15.532400	0.005600
15.583740	0.006000
15.635110	0.006400
15.686520	0.004000
15.737960	0.004900
15.789440	0.005700
15.840950	0.005800
15.892500	0.005800
15.944080	0.006000
15.995700	0.005600
16.047360	0.004900
16.099050	0.004100
16.150770	0.005000
16.202530	0.005100
16.254320	0.002700
16.306160	0.004700
16.358020	0.005100
16.409920	0.003200
16.461860	0.004400
16.513830	0.004200
16.565830	0.003400
16.617880	0.004500
16.669950	0.003200
16.722060	0.003600
16.774210	0.004400
16.826390	0.005100
16.878610	0.003300
16.930870	0.002000
16.983150	0.002400
17.035480	0.003900
