9.35	0.038
9.38	0.038
9.41	0.038
9.44	0.038
9.47	0.038
9.5	0.038
9.53	0.038
9.56	0.038
9.59	0.038
9.62	0.038
9.65	0.038
9.68	0.038
9.71	0.038
9.74	0.038
9.77	0.038
9.8	0.038
9.83	0.038
9.86	0.038
9.89	0.038
9.92	0.038
9.95	0.038
9.98	0.038
10.01	0.038
10.04	0.038
10.07	0.038
10.1	0.038
10.13	0.038
10.16	0.038
10.19	0.038
10.22	0.038
10.25	0.038
10.28	0.038
10.31	0.038
10.34	0.038
10.37	0.038
10.4	0.038
10.43	0.038
10.46	0.038
10.49	0.038
10.52	0.038
10.55	0.038
10.58	0.038
10.61	0.038
10.64	0.038
10.67	0.038
10.7	0.038
10.73	0.038
10.76	0.038
10.79	0.038
10.82	0.038
10.85	0.038
10.88	0.038
10.91	0.038
10.94	0.038
10.97	0.038
11	0.038
11.03	0.038
11.06	0.038
11.09	0.038
11.12	0.038
11.15	0.038
11.18	0.038
11.21	0.038
11.24	0.038
11.27	0.038
11.3	0.045
11.33	0.107
11.36	0.282
11.39	0.589
11.42	1.029
11.45	1.604
11.48	2.314
11.51	3.161
11.54	4.145
11.57	5.267
11.6	6.526
11.63	7.925
11.66	9.462
11.69	11.139
11.72	12.955
11.75	14.912
11.78	17.009
11.81	19.246
11.84	21.624
11.87	24.144
11.9	26.805
11.93	29.608
11.96	32.552
11.99	35.639
12.02	38.867
12.05	42.238
12.08	45.752
12.11	49.409
12.14	53.208
12.17	57.151
12.2	61.236
12.23	65.466
12.26	69.838
12.29	74.355
12.32	79.015
12.35	83.819
12.38	88.768
12.41	93.86
12.44	99.097
12.47	104.478
12.5	110.004
12.53	115.675
12.56	121.49
12.59	127.45
12.62	133.556
12.65	139.806
12.68	146.202
12.71	152.742
12.74	159.429
12.77	166.26
12.8	173.238
12.83	180.361
12.86	187.63
12.89	195.044
12.92	202.605
12.95	210.311
12.98	218.164
13.01	226.163
13.04	234.308
13.07	242.6
13.1	251.037
13.13	259.622
13.16	268.353
13.19	277.231
13.22	286.255
13.25	295.426
13.28	304.744
13.31	314.209
13.34	323.821
13.37	333.58
13.4	343.486
13.43	353.539
13.46	363.74
13.49	374.088
13.52	384.583
13.55	395.226
13.58	406.016
13.61	416.954
13.64	428.039
13.67	439.272
13.7	450.653
13.73	462.181
13.76	473.858
13.79	485.682
13.82	497.655
13.85	509.775
13.88	522.043
13.91	534.46
13.94	547.025
13.97	559.738
14	572.599
14.03	585.609
14.06	598.766
14.09	612.073
14.12	625.528
14.15	639.131
14.18	652.883
14.21	666.784
14.24	680.833
14.27	695.031
14.3	709.378
14.33	723.874
14.36	738.518
14.39	753.311
14.42	768.254
14.45	783.345
14.48	798.585
14.51	813.975
14.54	829.514
14.57	845.201
14.6	861.038
14.63	877.024
14.66	893.16
14.69	909.445
14.72	925.879
14.75	942.463
14.78	959.196
14.81	976.078
14.84	993.11
14.87	1010
14.9	1028
14.93	1045
14.96	1063
14.99	1081
15.02	1098
15.05	1117
15.08	1135
15.11	1153
15.14	1172
15.17	1190
15.2	1209
15.23	1228
15.26	1247
15.29	1267
15.32	1286
15.35	1306
15.38	1325
15.41	1345
15.44	1365
15.47	1385
15.5	1406
15.53	1426
15.56	1447
15.59	1468
15.62	1489
15.65	1510
15.68	1531
15.71	1552
15.74	1574
15.77	1595
15.8	1617
15.83	1639
15.86	1661
15.89	1684
15.92	1706
15.95	1729
15.98	1751
16.01	1774
16.04	1797
16.07	1821
16.1	1844
16.13	1867
16.16	1891
16.19	1915
16.22	1939
16.25	1963
16.28	1987
16.31	2012
16.34	2036
16.37	2061
16.4	2086
16.43	2111
16.46	2136
16.49	2161
16.52	2187
16.55	2212
16.58	2238
16.61	2264
16.64	2290
16.67	2316
16.7	2343
16.73	2369
16.76	2396
16.79	2423
16.82	2450
16.85	2477
16.88	2504
16.91	2531
16.94	2559
16.97	2587
17	2615
17.03	2643
17.06	2671
17.09	2699
17.12	2728
17.15	2756
17.18	2785
17.21	2814
17.24	2843
17.27	2872
17.3	2902
17.33	2931
17.36	2961
17.39	2991
17.42	3021
17.45	3051
17.48	3081
17.51	3112
17.54	3143
17.57	3173
17.6	3204
17.63	3235
17.66	3267
17.69	3298
17.72	3329
17.75	3361
17.78	3393
17.81	3425
17.84	3457
17.87	3489
17.9	3522
17.93	3554
17.96	3587
17.99	3620
18.02	3653
18.05	3686
18.08	3720
18.11	3753
18.14	3787
18.17	3821
18.2	3855
18.23	3889
18.26	3923
18.29	3958
18.32	3992
18.35	4027
18.38	4062
18.41	4097
18.44	4132
18.47	4167
18.5	4203
18.53	4239
18.56	4274
18.59	4310
18.62	4346
18.65	4383
18.68	4419
18.71	4456
18.74	4492
18.77	4529
18.8	4566
18.83	4604
18.86	4641
18.89	4678
18.92	4716
18.95	4754
18.98	4792
19.01	4830
19.04	4868
19.07	4907
19.1	4945
19.13	4984
19.16	5023
19.19	5062
19.22	5101
19.25	5140
19.28	5180
19.31	5219
19.34	5259
19.37	5299
19.4	5339
19.43	5379
19.46	5420
19.49	5460
19.52	5501
19.55	5542
19.58	5583
19.61	5624
19.64	5665
19.67	5707
19.7	5749
19.73	5790
19.76	5832
19.79	5874
19.82	5917
19.85	5959
19.88	6002
19.91	6044
19.94	6087
19.97	6130
20	6173
20.03	6217
20.06	6260
20.09	6304
20.12	6348
20.15	6391
20.18	6436
20.21	6480
20.24	6524
20.27	6569
20.3	6613
20.33	6658
20.36	6703
20.39	6749
20.42	6794
20.45	6839
20.48	6885
20.51	6931
20.54	6977
20.57	7023
20.6	7069
20.63	7115
20.66	7162
20.69	7209
20.72	7256
20.75	7303
20.78	7350
20.81	7397
20.84	7445
20.87	7492
20.9	7540
20.93	7588
20.96	7636
20.99	7684
21.02	7733
21.05	7781
21.08	7830
21.11	7879
21.14	7928
21.17	7977
21.2	8026
21.23	8076
21.26	8125
21.29	8175
21.32	8225
21.35	8275
