12.5	0.095
12.52	0.095
12.54	0.095
12.56	0.095
12.58	0.095
12.6	0.095
12.62	0.095
12.64	0.095
12.66	0.095
12.68	0.095
12.7	0.095
12.72	0.095
12.74	0.095
12.76	0.095
12.78	0.095
12.8	0.095
12.82	0.095
12.84	0.095
12.86	0.095
12.88	0.095
12.9	0.095
12.92	0.095
12.94	0.095
12.96	0.095
12.98	0.095
13	0.095
13.02	0.095
13.04	0.095
13.06	0.095
13.08	0.095
13.1	0.095
13.12	0.095
13.14	0.095
13.16	0.095
13.18	0.095
13.2	0.095
13.22	0.095
13.24	0.095
13.26	0.095
13.28	0.095
13.3	0.095
13.32	0.095
13.34	0.095
13.36	0.095
13.38	0.095
13.4	0.095
13.42	0.095
13.44	0.095
13.46	0.097
13.48	0.103
13.5	0.118
13.52	0.151
13.54	0.207
13.56	0.296
13.58	0.423
13.6	0.599
13.62	0.829
13.64	1.124
13.66	1.491
13.68	1.938
13.7	2.475
13.72	3.111
13.74	3.853
13.76	4.711
13.78	5.694
13.8	6.811
13.82	8.07
13.84	9.482
13.86	11.055
13.88	12.799
13.9	14.723
13.92	16.837
13.94	19.149
13.96	21.67
13.98	24.409
14	27.376
14.02	30.579
14.04	34.03
14.06	37.738
14.08	41.712
14.1	45.963
14.12	50.499
14.14	55.332
14.16	60.471
14.18	65.927
14.2	71.708
14.22	77.825
14.24	84.289
14.26	91.109
14.28	98.295
14.3	105.858
14.32	113.809
14.34	122.156
14.36	130.911
14.38	140.083
14.4	149.684
14.42	159.722
14.44	170.21
14.46	181.157
14.48	192.574
14.5	204.471
14.52	216.858
14.54	229.747
14.56	243.148
14.58	257.07
14.6	271.526
14.62	286.525
14.64	302.078
14.66	318.196
14.68	334.889
14.7	352.169
14.72	370.046
14.74	388.53
14.76	407.633
14.78	427.365
14.8	447.737
14.82	468.76
14.84	490.444
14.86	512.802
14.88	535.843
14.9	559.578
14.92	584.019
14.94	609.176
14.96	635.06
14.98	661.683
15	689.055
15.02	717.187
15.04	746.091
15.06	775.777
15.08	806.257
15.1	837.541
15.12	869.641
15.14	902.568
15.16	936.333
15.18	970.947
15.2	1006
15.22	1043
15.24	1080
15.26	1118
15.28	1157
15.3	1197
15.32	1238
15.34	1280
15.36	1323
15.38	1366
15.4	1411
15.42	1457
15.44	1503
15.46	1551
15.48	1600
15.5	1649
15.52	1700
15.54	1752
15.56	1805
15.58	1859
15.6	1914
15.62	1970
15.64	2027
15.66	2086
15.68	2145
15.7	2206
15.72	2268
15.74	2331
15.76	2395
15.78	2460
15.8	2527
15.82	2595
15.84	2664
15.86	2734
15.88	2805
15.9	2878
15.92	2952
15.94	3027
15.96	3104
15.98	3182
16	3261
16.02	3342
16.04	3424
16.06	3507
16.08	3592
16.1	3678
16.12	3765
16.14	3854
16.16	3944
16.18	4036
16.2	4129
16.22	4223
16.24	4319
16.26	4417
16.28	4516
16.3	4616
16.32	4718
16.34	4822
16.36	4927
16.38	5033
16.4	5141
16.42	5251
16.44	5362
16.46	5475
16.48	5589
16.5	5706
16.52	5823
16.54	5943
16.56	6064
16.58	6186
16.6	6311
16.62	6437
16.64	6564
16.66	6694
16.68	6825
16.7	6958
16.72	7092
16.74	7229
16.76	7367
16.78	7507
16.8	7649
16.82	7792
16.84	7938
16.86	8085
16.88	8234
16.9	8385
16.92	8538
16.94	8693
16.96	8849
16.98	9008
17	9168
17.02	9331
17.04	9495
17.06	9661
17.08	9829
17.1	10000
17.12	10170
17.14	10350
17.16	10520
17.18	10700
17.2	10880
17.22	11060
17.24	11250
17.26	11430
17.28	11620
17.3	11810
17.32	12010
17.34	12200
17.36	12400
17.38	12600
17.4	12800
17.42	13000
17.44	13210
17.46	13420
17.48	13630
17.5	13840
17.52	14050
17.54	14270
17.56	14490
17.58	14710
17.6	14930
17.62	15160
17.64	15390
17.66	15620
17.68	15850
17.7	16090
17.72	16330
17.74	16570
17.76	16810
17.78	17050
17.8	17300
17.82	17550
17.84	17800
17.86	18060
17.88	18320
17.9	18570
17.92	18840
17.94	19100
17.96	19370
17.98	19640
18	19910
18.02	20190
18.04	20460
18.06	20740
18.08	21030
18.1	21310
18.12	21600
18.14	21890
18.16	22180
18.18	22480
18.2	22780
18.22	23080
18.24	23380
18.26	23690
18.28	24000
18.3	24310
18.32	24620
18.34	24940
18.36	25260
18.38	25580
18.4	25910
18.42	26240
18.44	26570
18.46	26900
18.48	27240
18.5	27580
18.52	27920
18.54	28270
18.56	28620
18.58	28970
18.6	29320
18.62	29680
18.64	30040
18.66	30400
18.68	30770
18.7	31140
18.72	31510
18.74	31890
18.76	32270
18.78	32650
18.8	33030
18.82	33420
18.84	33810
18.86	34200
18.88	34600
18.9	35000
18.92	35400
18.94	35810
18.96	36220
18.98	36630
19	37050
19.02	37460
19.04	37890
19.06	38310
19.08	38740
19.1	39170
19.12	39610
19.14	40050
19.16	40490
19.18	40930
19.2	41380
19.22	41830
19.24	42290
19.26	42740
19.28	43210
19.3	43670
19.32	44140
19.34	44610
19.36	45090
19.38	45560
19.4	46050
19.42	46530
19.44	47020
19.46	47510
19.48	48010
19.5	48510
19.52	49010
19.54	49520
19.56	50030
19.58	50540
19.6	51060
19.62	51580
19.64	52100
19.66	52630
19.68	53160
19.7	53700
19.72	54240
19.74	54780
19.76	55330
19.78	55880
19.8	56430
19.82	56990
19.84	57550
19.86	58110
19.88	58680
19.9	59260
19.92	59830
19.94	60410
19.96	61000
19.98	61580
20	62170
20.02	62770
20.04	63370
20.06	63970
20.08	64580
20.1	65190
20.12	65800
20.14	66420
20.16	67050
20.18	67670
20.2	68300
20.22	68940
20.24	69580
20.26	70220
20.28	70860
20.3	71520
20.32	72170
20.34	72830
20.36	73490
20.38	74160
20.4	74830
20.42	75500
20.44	76180
20.46	76870
20.48	77560
20.5	78250
20.52	78940
20.54	79640
20.56	80350
20.58	81060
20.6	81770
20.62	82490
20.64	83210
20.66	83930
20.68	84660
20.7	85400
20.72	86140
20.74	86880
20.76	87630
20.78	88380
20.8	89130
20.82	89890
20.84	90660
20.86	91430
20.88	92200
20.9	92980
20.92	93760
20.94	94550
20.96	95340
20.98	96130
21	96930
21.02	97740
21.04	98550
21.06	99360
21.08	100200
21.1	101000
21.12	101800
21.14	102700
21.16	103500
21.18	104300
21.2	105200
21.22	106000
21.24	106900
21.26	107800
21.28	108600
21.3	109500
21.32	110400
21.34	111200
21.36	112100
21.38	113000
21.4	113900
21.42	114800
21.44	115700
21.46	116600
21.48	117500
21.5	118400
21.52	119400
21.54	120300
21.56	121200
21.58	122200
21.6	123100
21.62	124100
21.64	125000
21.66	126000
21.68	126900
21.7	127900
21.72	128900
21.74	129800
21.76	130800
21.78	131800
21.8	132800
21.82	133800
21.84	134800
21.86	135800
21.88	136800
21.9	137800
21.92	138900
21.94	139900
21.96	140900
21.98	142000
22	143000
22.02	144000
22.04	145100
22.06	146200
22.08	147200
22.1	148300
22.12	149400
22.14	150400
22.16	151500
22.18	152600
22.2	153700
22.22	154800
22.24	155900
22.26	157000
22.28	158200
22.3	159300
22.32	160400
22.34	161500
22.36	162700
22.38	163800
22.4	165000
22.42	166100
22.44	167300
22.46	168500
22.48	169600
22.5	170800
