#ELEN started at 31-Aug-2012 17:09:11 by	
#Electron Energy: 	T=10.0; P=0.0e+000; M=113; R=50
-0.5	0
-0.49	0.0167
-0.48	0.0167
-0.47	0
-0.46	0.0167
-0.45	0
-0.44	0.0167
-0.43	0.0167
-0.42	0.0167
-0.41	0.0333
-0.4	0.0167
-0.39	0
-0.38	0.0167
-0.37	0.0167
-0.36	0.0167
-0.35	0.0167
-0.34	0
-0.33	0
-0.32	0
-0.31	0
-0.3	0.05
-0.29	0.05
-0.28	0.05
-0.27	0.0333
-0.26	0.0333
-0.25	0.0167
-0.24	0.0333
-0.23	0.05
-0.22	0
-0.21	0.0333
-0.2	0.0167
-0.19	0.0667
-0.18	0.05
-0.17	0.0667
-0.16	0.0167
-0.15	0.0833
-0.14	0.0167
-0.13	0.1333
-0.12	0.05
-0.11	0.0167
-0.1	0.0667
-0.09	0.0833
-0.08	0.0667
-0.07	0.1
-0.06	0.0667
-0.05	0.1
-0.04	0.15
-0.03	0.15
-0.02	0.2333
-0.01	0.4
0	0.45
0.01	0.4167
0.02	0.6
0.03	0.8
0.04	0.95
0.05	0.65
0.06	0.85
0.07	0.9
0.08	0.7167
0.09	0.7667
0.1	0.5833
0.11	0.5
0.12	0.5333
0.13	0.6333
0.14	0.4
0.15	0.6667
0.16	0.4667
0.17	0.4333
0.18	0.4167
0.19	0.5667
0.2	0.45
0.21	0.4167
0.22	0.35
0.23	0.5833
0.24	0.3333
0.25	0.5333
0.26	0.5
0.27	0.4667
0.28	0.6333
0.29	0.4833
0.3	0.45
0.31	0.6333
0.32	0.6833
0.33	0.65
0.34	0.65
0.35	0.7167
0.36	0.7667
0.37	0.9
0.38	0.7167
0.39	1
0.4	0.8667
0.41	0.8167
0.42	0.9667
0.43	0.7
0.44	1.1333
0.45	1
0.46	1.0333
0.47	1.25
0.48	1.0667
0.49	1.3333
0.5	1.3167
0.51	1.35
0.52	1.15
0.53	1.3
0.54	1.45
0.55	1.7667
0.56	1.2833
0.57	1.4667
0.58	1.6333
0.59	1.95
0.6	1.6833
0.61	1.3833
0.62	1.7167
0.63	1.85
0.64	1.6
0.65	2.0667
0.66	1.7833
0.67	1.75
0.68	1.8667
0.69	2.0333
0.7	1.7167
0.71	2.4
0.72	2.25
0.73	1.9167
0.74	2.25
0.75	2.4167
0.76	2.0167
0.77	2.3167
0.78	2.3
0.79	2.5333
0.8	2.15
0.81	2.0333
0.82	2.15
0.83	2.0667
0.84	2.4
0.85	2.45
0.86	2.1167
0.87	2.0333
0.88	2.2333
0.89	2.25
0.9	2.0333
0.91	1.8333
0.92	1.6667
0.93	2.0167
0.94	1.8
0.95	2.0833
0.96	2.05
0.97	1.8833
0.98	1.7
0.99	1.6333
1	1.6667
1.01	1.65
1.02	1.8167
1.03	1.8
1.04	1.7833
1.05	1.85
1.06	1.45
1.07	1.65
1.08	1.4833
1.09	1.6833
1.1	1.6167
1.11	1.65
1.12	1.4833
1.13	1.3667
1.14	1.3333
1.15	1.4
1.16	1.2
1.17	1.1333
1.18	1.3167
1.19	1.2167
1.2	1.1
1.21	1.0833
1.22	1.4833
1.23	1.2333
1.24	1.2667
1.25	0.85
1.26	1.0833
1.27	0.8333
1.28	0.7333
1.29	1.1167
1.3	1.05
1.31	0.8
1.32	1.0333
1.33	1.1167
1.34	1.1
1.35	0.8833
1.36	1
1.37	1.1667
1.38	0.75
1.39	1
1.4	0.8833
1.41	0.95
1.42	0.95
1.43	1.2
1.44	1.0833
1.45	0.9
1.46	1
1.47	0.7167
1.48	0.9167
1.49	0.85
1.5	0.8
1.51	0.9167
1.52	0.85
1.53	0.7333
1.54	0.8333
1.55	0.8
1.56	0.6833
1.57	0.7667
1.58	0.4667
1.59	0.75
1.6	0.6167
1.61	0.7333
1.62	0.6667
1.63	0.8833
1.64	0.7333
1.65	0.7
1.66	0.5167
1.67	0.6167
1.68	0.4833
1.69	0.65
1.7	0.75
1.71	0.7167
1.72	0.75
1.73	0.5
1.74	0.5
1.75	0.4667
1.76	0.4833
1.77	0.5667
1.78	0.3833
1.79	0.35
1.8	0.6
1.81	0.5167
1.82	0.5667
1.83	0.4167
1.84	0.4667
1.85	0.4833
1.86	0.5
1.87	0.45
1.88	0.35
1.89	0.4833
1.9	0.3167
1.91	0.3
1.92	0.3667
1.93	0.35
1.94	0.2833
1.95	0.3167
1.96	0.45
1.97	0.3333
1.98	0.4667
1.99	0.2667
2	0.4667
2.01	0.2333
2.02	0.45
2.03	0.45
2.04	0.3667
2.05	0.5
2.06	0.4167
2.07	0.4167
2.08	0.35
2.09	0.3
2.1	0.3167
2.11	0.25
2.12	0.4
2.13	0.2667
2.14	0.25
2.15	0.3167
2.16	0.35
2.17	0.3833
2.18	0.2833
2.19	0.3667
2.2	0.3333
2.21	0.2833
2.22	0.3167
2.23	0.3667
2.24	0.3
2.25	0.1667
2.26	0.2
2.27	0.1833
2.28	0.2333
2.29	0.3667
2.3	0.3333
2.31	0.2
2.32	0.3
2.33	0.3167
2.34	0.1833
2.35	0.2333
2.36	0.1667
2.37	0.2
2.38	0.3833
2.39	0.2
2.4	0.1333
2.41	0.3167
2.42	0.2167
2.43	0.35
2.44	0.3
2.45	0.2333
2.46	0.2
2.47	0.1833
2.48	0.2167
2.49	0.2167
2.5	0.2
2.51	0.2
2.52	0.1333
2.53	0.2667
2.54	0.15
2.55	0.2167
2.56	0.2333
2.57	0.2667
2.58	0.25
2.59	0.2167
2.6	0.2
2.61	0.2833
2.62	0.2333
2.63	0.1167
2.64	0.2333
2.65	0.2333
2.66	0.2167
2.67	0.25
2.68	0.3167
2.69	0.2167
2.7	0.2833
2.71	0.1167
2.72	0.2
2.73	0.1667
2.74	0.1333
2.75	0.2
2.76	0.1667
2.77	0.2833
2.78	0.25
2.79	0.2167
2.8	0.2667
2.81	0.1833
2.82	0.1667
2.83	0.1333
2.84	0.0667
2.85	0.2333
2.86	0.1833
2.87	0.1833
2.88	0.1333
2.89	0.15
2.9	0.25
2.91	0.1167
2.92	0.1
2.93	0.1333
2.94	0.1833
2.95	0.05
2.96	0.0667
2.97	0.1167
2.98	0.15
2.99	0.1333
3	0.1333
3.01	0.0333
3.02	0.1833
3.03	0.15
3.04	0.2
3.05	0.1333
3.06	0.0833
3.07	0.15
3.08	0.0667
3.09	0.0667
3.1	0.0833
3.11	0.0667
3.12	0.15
3.13	0.0833
3.14	0.1667
3.15	0.2
3.16	0.0667
3.17	0.0833
3.18	0.1167
3.19	0.1833
3.2	0.15
3.21	0.1
3.22	0.0833
3.23	0.0333
3.24	0.15
3.25	0.1333
3.26	0.2167
3.27	0.1333
3.28	0.0833
3.29	0.05
3.3	0.0833
3.31	0.05
3.32	0.1
3.33	0.1333
3.34	0.1
3.35	0.0167
3.36	0.1167
3.37	0.1
3.38	0.05
3.39	0.1333
3.4	0.0833
3.41	0.1833
3.42	0.1167
3.43	0.1
3.44	0.15
3.45	0.0667
3.46	0.0333
3.47	0.1
3.48	0.0167
3.49	0.1667
3.5	0.0667
3.51	0.15
3.52	0.0833
3.53	0.0167
3.54	0.1167
3.55	0.1667
3.56	0.1167
3.57	0.1
3.58	0.0833
3.59	0.1333
3.6	0.15
3.61	0.0833
3.62	0.1
3.63	0.15
3.64	0.1333
3.65	0.05
3.66	0.1
3.67	0.1667
3.68	0.0667
3.69	0.05
3.7	0.1
3.71	0.05
3.72	0.0667
3.73	0.0667
3.74	0.1
3.75	0.0667
3.76	0.1167
3.77	0.0833
3.78	0.05
3.79	0.0833
3.8	0.05
3.81	0.1333
3.82	0.0333
3.83	0.0667
3.84	0.0833
3.85	0.0167
3.86	0.05
3.87	0.1167
3.88	0.1
3.89	0.1333
3.9	0.05
3.91	0.1
3.92	0.0667
3.93	0.0167
3.94	0.05
3.95	0.0167
3.96	0.05
3.97	0.0667
3.98	0.0333
3.99	0.0667
4	0.0833
